21
15
9
14
17
15
15
18
16
19
20
21
16
18
15
14
15
18
10
14
17
15
13
16
18
15
12
12
16
14
10
13
16
13
12
11
15
13
14
10
16
14
11
12
15
12
16
15
12
9
15
13
15
16
18
17
16
17
12
19
16
13
8
14
15
18
16
13
15
17
11
16
13
15
16
14
15
13
12
13
15
9
11
14
12
15
16
10
14
17
15
12
13
9
17
16
13
12
13
14
12
12
15
18
13
9
13
15
13
16
14
10
11
14
15
15
18
17
9
18
16
17
16
21
12
14
15
16
15
13
18
16
10
17
12
14
18
15
9
12
15
10
15
17
16
17
15
14
17
16
14
16
14
12
16
18
12
15
13
15
18
13
14
16
21
15
21
19
13
20
17
16
17
14
12
16
16
14
13
15
12
14
12
15
13
16
14
13
